C:\Users\Fierce-PC\Anaconda3\python.exe "D:/Semester 7/CE4708 - Artificial Intelligence/Projects/SVM.py"
     pcost       dcost       gap    pres   dres
 0: -3.5185e+01 -2.1242e+02  8e+02  2e+00  8e-16
 1: -2.7204e+01 -1.2871e+02  1e+02  4e-16  7e-16
 2: -3.1141e+01 -4.6276e+01  2e+01  7e-16  7e-16
 3: -3.3146e+01 -3.6512e+01  3e+00  1e-15  6e-16
 4: -3.3808e+01 -3.4451e+01  6e-01  1e-15  6e-16
 5: -3.3965e+01 -3.4094e+01  1e-01  1e-15  4e-16
 6: -3.4001e+01 -3.4010e+01  9e-03  8e-16  5e-16
 7: -3.4004e+01 -3.4004e+01  3e-04  1e-15  6e-16
 8: -3.4004e+01 -3.4004e+01  1e-05  2e-15  6e-16
Optimal solution found.
  Result status: optimal
  L vector: [0.606579, 0.599871, 0.849971, 0.548477, 1.0, 0.665069, 1.0, 1.0, 0.799057, 0.0, 1.9e-05, 1.0, 0.001585, 0.058799, 0.0, 1e-06, 0.466352, 0.379469, 1.0, 1.0, 0.311318, 0.362665, 1.0, 1.0, 1.0, 0.82238, 0.297113, 1e-06, 1.0, 0.0, 1.0, 0.335579, 1.0, 3e-06, 0.0, 0.999998, 0.0, 0.767597, 1e-06, 0.289405, 0.773843, 0.071023, 0.752459, 0.403548, 0.73413, 0.0, 0.508179, 0.382412, 0.000165, 1.0, 0.484688, 1.0, 0.0, 0.855588, 1e-06, 0.615112, 0.109157, 0.0, 0.0, 0.940972, 0.0, 0.608914, 2e-06, 0.26352, 0.0, 0.652727, 1.0, 1.0, 3e-06, 0.124253, 1.0, 1e-06, 0.000409, 0.378344, 0.99913, 0.0, 1.0, 0.150965, 1.0, 0.599525, 0.0, 1.0, 0.894839, 0.0, 1e-06, 0.331082, 2e-06, 0.0, 0.714331, 0.422286, 0.0, 0.0, 1.0, 0.614258, 1.0, 1.0, 2e-06, 1.0, 1e-06, 0.059489]
  bias: -0.09352109255748722
Training status is: True
  Check PASSED



    Soft margin machine misclassified on training data 9 times

    Soft margin machine misclassified on testing data 163 times




     pcost       dcost       gap    pres   dres
 0:  3.7924e+12 -2.6825e+13  3e+13  8e-10  3e-10
 1:  1.0775e+12 -2.9555e+12  4e+12  6e-10  3e-10
 2:  2.2228e+11 -4.4656e+11  7e+11  9e-10  2e-10
 3:  3.8117e+10 -6.7061e+10  1e+11  4e-10  1e-10
 4:  8.9398e+09 -1.5706e+10  2e+10  4e-10  1e-10
 5:  1.4353e+09 -2.3397e+09  4e+09  9e-11  8e-11
 6:  2.1600e+08 -2.6250e+08  5e+08  7e-11  6e-11
 7:  3.1065e+07 -3.5513e+07  7e+07  5e-11  2e-11
 8:  4.4213e+06 -5.0434e+06  9e+06  5e-11  6e-12
 9:  6.1666e+05 -7.3502e+05  1e+06  3e-12  2e-12
10:  7.9528e+04 -1.1285e+05  2e+05  3e-13  1e-12
11:  5.2128e+03 -2.1288e+04  3e+04  8e-13  6e-13
12: -5.0321e+03 -8.3726e+03  3e+03  4e-12  3e-13
13: -6.3633e+03 -7.1714e+03  8e+02  1e-12  4e-13
14: -6.6991e+03 -6.8061e+03  1e+02  3e-13  4e-13
15: -6.7429e+03 -6.7505e+03  8e+00  4e-13  3e-13
16: -6.7459e+03 -6.7479e+03  2e+00  2e-13  4e-13
17: -6.7469e+03 -6.7473e+03  4e-01  6e-14  4e-13
18: -6.7471e+03 -6.7471e+03  1e-02  3e-14  4e-13
19: -6.7471e+03 -6.7471e+03  2e-04  2e-12  3e-13
Optimal solution found.
  Result status: optimal
  L vector: [0.0, 875.931042, 0.0, 952.391668, 907.018952, 2e-06, 556.298526, 0.0, 2.010434, 0.0, 5.4e-05, 1e-06, 0.0, 0.0, 0.0, 0.0, 1.253169, 2e-06, 22.421726, 2.167659, 1e-06, 0.0, 3020.822533, 120.14932, 21.638947, 0.0, 1e-06, 0.0, 584.879918, 0.0, 1e-06, 33.434821, 49.042793, 0.0, 0.0, 866.315477, 0.0, 9.459986, 3.3e-05, 1e-06, 1.698097, 0.0, 1.903393, 0.0, 0.0, 1e-06, 1.016382, 3e-06, 0.0, 22.640893, 1.440606, 0.0, 0.0, 91.862649, 3e-06, 0.0, 0.29972, 0.0, 9e-06, 2471.474719, 0.0, 2e-06, 1.5e-05, 1e-06, 0.0, 2e-06, 6.277938, 0.0, 0.000301, 0.0, 837.525349, 0.0, 1.109147, 0.0, 2.560559, 0.0, 6.370667, 0.0, 636.178635, 1e-06, 0.0, 1e-06, 2.31874, 0.0, 3e-06, 71.094409, 6.4e-05, 40.199931, 1.811772, 0.0, 0.0, 0.0, 35.248093, 278.67124, 45.938692, 27.369374, 1.4e-05, 883.922091, 6e-06, 1e-06]
  bias: -2.06838674893135
Training status is: True
  Check PASSED



    Hard margin machine misclassified on training data 0 times

    Hard margin machine misclassified on testing data 248 times





Process finished with exit code 0
